# Bundle file v0.3
55 11256
8.5656631041e+003 -3.1439210280e-002 4.5292102270e-001
1.0000000000e+000 0.0000000000e+000 0.0000000000e+000
0.0000000000e+000 -1.0000000000e+000 0.0000000000e+000
0.0000000000e+000 0.0000000000e+000 -1.0000000000e+000
-0.0000000000e+000 0.0000000000e+000 0.0000000000e+000
8.5656631041e+003 -3.1439210280e-002 4.5292102270e-001
9.9898206681e-001 1.5208326190e-002 -4.2468070511e-002
1.5274090068e-002 -9.9988259452e-001 1.2244826630e-003
-4.2444462195e-002 -1.8718973555e-003 -9.9909707418e-001
5.6650163348e-002 -9.1372162711e-004 -1.4860875290e-003
8.5656631041e+003 -3.1439210280e-002 4.5292102270e-001
9.7539017054e-001 -7.6015446605e-002 2.0696779240e-001
-7.4563682627e-002 -9.9710615933e-001 -1.4817701174e-002
2.0749523476e-001 -9.7924071177e-004 -9.7823553843e-001
-2.7485547417e-001 1.8791634175e-002 -2.5693248003e-002
8.5656631041e+003 -3.1439210280e-002 4.5292102270e-001
8.7913781637e-001 -1.6319384523e-001 4.4775492036e-001
-1.5807147443e-001 -9.8620710371e-001 -4.9081132528e-002
4.4958882192e-001 -2.7628200767e-002 -8.9280825138e-001
-5.9665602652e-001 6.2734470210e-002 -1.3446800535e-001
8.5656631041e+003 -3.1439210280e-002 4.5292102270e-001
7.0140386980e-001 -2.4902797758e-001 6.6784554936e-001
-2.3493409176e-001 -9.6539262740e-001 -1.1323889563e-001
6.7293282276e-001 -7.7473487971e-002 -7.3563528648e-001
-8.9173257939e-001 1.4681725435e-001 -3.4089004648e-001
0 0 0
0 0 0
0 0 0
0 0 0
0 0 0
8.6879652883e+003 2.9848888121e-002 -1.4451414839e-001
-2.5896054678e-001 -3.5163143040e-001 8.9960812155e-001
-2.9638010811e-001 -8.5752062664e-001 -4.2049638096e-001
9.1929226404e-001 -3.7551792505e-001 1.1784744900e-001
-1.1924346846e+000 5.5606069493e-001 -1.4774307357e+000
8.6879652883e+003 2.9848888121e-002 -1.4451414839e-001
-4.7197870473e-001 -3.2788638767e-001 8.1836826617e-001
-2.6195675573e-001 -8.3418296944e-001 -4.8530138226e-001
8.4179258752e-001 -4.4342901380e-001 3.0782454306e-001
-1.0883890197e+000 6.4273154424e-001 -1.7320797079e+000
8.6879652883e+003 2.9848888121e-002 -1.4451414839e-001
-6.1425952468e-001 -3.0122490280e-001 7.2934819824e-001
-2.2638290454e-001 -8.1815223469e-001 -5.2856191822e-001
7.5593387070e-001 -4.8978615619e-001 4.3436563438e-001
-9.7202666550e-001 7.0098031828e-001 -1.9019611215e+000
8.6879652883e+003 2.9848888121e-002 -1.4451414839e-001
-7.5136702438e-001 -2.6224117619e-001 6.0553873549e-001
-1.7816676375e-001 -8.0294310795e-001 -5.6880486082e-001
6.3537720998e-001 -5.3526809255e-001 5.5658231209e-001
-8.1060275248e-001 7.5492005822e-001 -2.0674551523e+000
8.6879652883e+003 2.9848888121e-002 -1.4451414839e-001
-9.2352116245e-001 -1.7536830986e-001 3.4110792781e-001
-7.7107441983e-002 -7.8630267972e-001 -6.1301104253e-001
3.7571678816e-001 -5.9243063034e-001 7.1264496303e-001
-4.6129815351e-001 8.1308271937e-001 -2.2801627899e+000
8.6879652883e+003 2.9848888121e-002 -1.4451414839e-001
-9.9821440678e-001 -5.9572413433e-002 -4.3732878189e-003
4.9126661283e-002 -7.7712158496e-001 -6.2743016611e-001
3.3978952895e-002 -6.2652467609e-001 7.7866055570e-001
-3.7462703481e-003 8.3511683147e-001 -2.3732877358e+000
8.6879652883e+003 2.9848888121e-002 -1.4451414839e-001
-9.7166920779e-001 2.0814720044e-002 -2.3542662989e-001
1.3203408506e-001 -7.7837486377e-001 -6.1375856152e-001
-1.9602538360e-001 -6.2745463492e-001 7.5357463472e-001
3.0330559447e-001 8.1825312844e-001 -2.3425572950e+000
8.6879652883e+003 2.9848888121e-002 -1.4451414839e-001
-8.5326142367e-001 1.1844093722e-001 -5.0785498646e-001
2.2874648992e-001 -7.9016698763e-001 -5.6860458581e-001
-4.6863630486e-001 -6.0133840394e-001 6.4712606015e-001
6.6788215669e-001 7.6044263752e-001 -2.2067736766e+000
8.6879652883e+003 2.9848888121e-002 -1.4451414839e-001
-6.7943465576e-001 1.9876282712e-001 -7.0630155536e-001
2.8043748370e-001 -8.1918028203e-001 -5.0029839422e-001
-6.7802903056e-001 -5.3799349818e-001 5.0083892584e-001
9.2014414101e-001 6.4072542144e-001 -2.0189614176e+000
8.6879652883e+003 2.9848888121e-002 -1.4451414839e-001
-5.2611947052e-001 2.4239409130e-001 -8.1513398116e-001
3.1463045874e-001 -8.3502165703e-001 -4.5138288262e-001
-7.9006707131e-001 -4.9394730163e-001 3.6305658792e-001
1.0667204852e+000 5.7611129349e-001 -1.8367476299e+000
8.5656631041e+003 -3.1439210280e-002 4.5292102270e-001
2.5985956597e-001 3.1506862259e-001 -9.1280050889e-001
3.3427486391e-001 -9.1618075191e-001 -2.2107271472e-001
-9.0594333230e-001 -2.4767840619e-001 -3.4339785348e-001
1.2016331710e+000 2.8055733130e-001 -8.8200257700e-001
8.5656631041e+003 -3.1439210280e-002 4.5292102270e-001
5.0562906249e-001 2.8724272459e-001 -8.1352988165e-001
2.9556885402e-001 -9.4355904251e-001 -1.4945027880e-001
-8.1054198145e-001 -1.6488769047e-001 -5.6199087700e-001
1.0741270772e+000 1.8479419344e-001 -5.9392681374e-001
8.5656631041e+003 -3.1439210280e-002 4.5292102270e-001
7.1286897860e-001 2.3652330069e-001 -6.6020795783e-001
2.3715838205e-001 -9.6725127446e-001 -9.0448183407e-002
-6.5998009150e-001 -9.2096146970e-002 -7.4561691138e-001
8.7451691674e-001 1.0553091375e-001 -3.4748182032e-001
8.5656631041e+003 -3.1439210280e-002 4.5292102270e-001
8.9475993804e-001 1.5204782329e-001 -4.1986439801e-001
1.4833411695e-001 -9.8805771554e-001 -4.1700605537e-002
-4.2119074424e-001 -2.4968183492e-002 -9.0662833994e-001
5.5881857239e-001 3.9228106430e-002 -1.3058051525e-001
8.5656631041e+003 -3.1439210280e-002 4.5292102270e-001
9.7040953484e-001 8.1985974429e-002 -2.2712030884e-001
7.8938124002e-002 -9.9662588300e-001 -2.2486038306e-002
-2.2819751811e-001 3.8922148703e-003 -9.7360707855e-001
3.0424495590e-001 1.2135970131e-002 -3.9329252909e-002
8.5656631041e+003 -3.1439210280e-002 4.5292102270e-001
9.9784991892e-001 2.1698706050e-002 -6.1844203251e-002
2.0615822225e-002 -9.9962371630e-001 -1.8094576153e-002
-6.2213561174e-002 1.6780702247e-002 -9.9792178092e-001
8.5635729848e-002 5.7041906972e-003 -4.7703818720e-003
8.6879652883e+003 2.9848888121e-002 -1.4451414839e-001
9.8032438991e-001 1.0597706558e-001 -1.6653213539e-001
-8.8249672471e-002 9.8995229721e-001 1.1048277950e-001
1.7656751076e-001 -9.3612557007e-002 9.7982682312e-001
2.3986894949e-001 -1.9812596051e-001 -2.6520645305e+000
8.6879652883e+003 2.9848888121e-002 -1.4451414839e-001
9.3621483747e-001 1.6844603247e-001 -3.0842780719e-001
-1.3712043189e-001 9.8316937159e-001 1.2073099822e-001
3.2357343102e-001 -7.0738397745e-002 9.4355514615e-001
4.2258057568e-001 -2.1201781715e-001 -2.6013432089e+000
8.6879652883e+003 2.9848888121e-002 -1.4451414839e-001
8.6928866431e-001 2.2895970039e-001 -4.3808067031e-001
-1.7980164606e-001 9.7200855818e-001 1.5123072073e-001
4.6044390122e-001 -5.2695525597e-002 8.8612335225e-001
5.8913313278e-001 -2.5253663877e-001 -2.5236406425e+000
8.6879652883e+003 2.9848888121e-002 -1.4451414839e-001
7.2878917207e-001 3.1407712996e-001 -6.0845862564e-001
-2.3306078315e-001 9.4932319702e-001 2.1087469965e-001
6.4385480819e-001 -1.1875353966e-002 7.6505552866e-001
7.5371717337e-001 -3.2640730811e-001 -2.3602070138e+000
8.6879652883e+003 2.9848888121e-002 -1.4451414839e-001
5.5791606558e-001 3.9025950275e-001 -7.3241189523e-001
-2.7411394690e-001 9.1965944027e-001 2.8122599104e-001
7.8332062904e-001 4.3863816902e-002 6.2006834921e-001
9.1065109906e-001 -4.1850311523e-001 -2.1705895152e+000
8.6879652883e+003 2.9848888121e-002 -1.4451414839e-001
3.8300776272e-001 4.4108317316e-001 -8.1163457791e-001
-2.9894796908e-001 8.9053714682e-001 3.4289021846e-001
8.7403384687e-001 1.1130689327e-001 4.7294355903e-001
1.0096734705e+000 -4.9861638946e-001 -1.9776510439e+000
8.6879652883e+003 2.9848888121e-002 -1.4451414839e-001
2.1626178818e-001 4.7881629184e-001 -8.5086179703e-001
-3.0803459222e-001 8.6043616654e-001 4.0591168166e-001
9.2646938912e-001 1.7431168057e-001 3.3357144519e-001
1.0792584047e+000 -5.7780845806e-001 -1.8151584421e+000
8.6879652883e+003 2.9848888121e-002 -1.4451414839e-001
1.5079023582e-001 4.9274864982e-001 -8.5700704366e-001
-3.0956678020e-001 8.4685397460e-001 4.3244277575e-001
9.3884541506e-001 2.0009276298e-001 2.8023592351e-001
1.0863017159e+000 -6.1131823585e-001 -1.7458484734e+000
8.5656631041e+003 -3.1439210280e-002 4.5292102270e-001
-5.0730082397e-001 3.2700815488e-001 -7.9731520783e-001
-3.1678604921e-001 7.8966495399e-001 5.2542921451e-001
8.0143151487e-001 5.1912900812e-001 -2.9700606037e-001
1.0446611560e+000 -6.8851191665e-001 -9.5431733673e-001
8.5656631041e+003 -3.1439210280e-002 4.5292102270e-001
-5.9489676619e-001 3.0480638864e-001 -7.4376804383e-001
-2.9430506226e-001 7.7846088576e-001 5.5442148197e-001
7.4798553991e-001 5.4871824717e-001 -3.7339780036e-001
9.7308072400e-001 -7.2539154840e-001 -8.5605426169e-001
8.5656631041e+003 -3.1439210280e-002 4.5292102270e-001
-6.5725820233e-001 2.7679243430e-001 -7.0099757758e-001
-2.7043453809e-001 7.8156069149e-001 5.6216371826e-001
7.0347481552e-001 5.5906067098e-001 -4.3883294098e-001
9.1375566772e-001 -7.5502224331e-001 -7.7464189591e-001
8.5656631041e+003 -3.1439210280e-002 4.5292102270e-001
-7.5544578894e-001 2.3892100139e-001 -6.1009705381e-001
-2.3578946565e-001 7.6962870483e-001 5.9335906885e-001
6.1131414826e-001 5.9210506820e-001 -5.2507770886e-001
7.9291404479e-001 -7.9447839694e-001 -6.6461034737e-001
8.5656631041e+003 -3.1439210280e-002 4.5292102270e-001
-8.6721475880e-001 1.7893821564e-001 -4.6467157984e-001
-1.8057138689e-001 7.5666013231e-001 6.2837840384e-001
4.6403936941e-001 6.2884541753e-001 -6.2387571237e-001
6.0137485815e-001 -8.3856928296e-001 -5.3984527814e-001
8.5656631041e+003 -3.1439210280e-002 4.5292102270e-001
-9.4628555405e-001 1.1208234661e-001 -3.0328402164e-001
-1.1999405070e-001 7.4927278908e-001 6.5130001945e-001
3.0024169931e-001 6.5270807802e-001 -6.9557680157e-001
3.8985924361e-001 -8.6764328705e-001 -4.5011344871e-001
8.5656631041e+003 -3.1439210280e-002 4.5292102270e-001
-9.9040796609e-001 4.2313283501e-002 -1.3153572423e-001
-5.6170666705e-002 7.4645164413e-001 6.6306470210e-001
1.2624150233e-001 6.6409301232e-001 -7.3691488930e-001
1.6515106181e-001 -8.8165591165e-001 -4.0021233998e-001
8.5656631041e+003 -3.1439210280e-002 4.5292102270e-001
-9.9980081667e-001 -1.5355379672e-002 1.2749090204e-002
-3.0099574328e-003 7.4749523147e-001 6.6426035489e-001
-1.9729854083e-002 6.6408967108e-001 -7.4739256192e-001
-2.2478674694e-002 -8.8187389499e-001 -3.8982241705e-001
8.5656631041e+003 -3.1439210280e-002 4.5292102270e-001
-9.8042423466e-001 -8.0758337651e-002 1.7957285704e-001
5.8328627394e-002 7.5195249754e-001 6.5663171768e-001
-1.8805874431e-001 6.5425188753e-001 -7.3252192892e-001
-2.3880546478e-001 -8.7063085289e-001 -4.1228895393e-001
8.5656631041e+003 -3.1439210280e-002 4.5292102270e-001
-9.4243905435e-001 -1.3097866571e-001 3.0765763109e-001
1.0501485733e-001 7.5759674558e-001 6.4421972248e-001
-3.1745945974e-001 6.3944644828e-001 -7.0023405459e-001
-4.0404697283e-001 -8.5316474963e-001 -4.5737797216e-001
8.5656631041e+003 -3.1439210280e-002 4.5292102270e-001
-8.7162456677e-001 -1.8721415168e-001 4.5301377022e-001
1.5798709819e-001 7.6757265951e-001 6.2118619525e-001
-4.6401583098e-001 6.1301147932e-001 -6.3945776625e-001
-5.9180871783e-001 -8.2187015327e-001 -5.4081917888e-001
8.5656631041e+003 -3.1439210280e-002 4.5292102270e-001
-7.6884702897e-001 -2.4148620420e-001 5.9207994328e-001
2.0745785211e-001 7.8165295037e-001 5.8820056510e-001
-6.0484335629e-001 5.7506789022e-001 -5.5087333934e-001
-7.7071175567e-001 -7.7812342376e-001 -6.5893967164e-001
8.5656631041e+003 -3.1439210280e-002 4.5292102270e-001
-6.2751617135e-001 -2.9045465594e-001 7.2239846867e-001
2.5351655423e-001 8.0103152366e-001 5.4228945668e-001
-7.3617444361e-001 5.2343537418e-001 -4.2902517133e-001
-9.3743407724e-001 -7.1768758218e-001 -8.2014464972e-001
8.5656631041e+003 -3.1439210280e-002 4.5292102270e-001
-4.7341043763e-001 -3.1773904438e-001 8.2153786110e-001
2.8408368586e-001 8.2776023684e-001 4.8384858142e-001
-8.3377396036e-001 4.6244447232e-001 -3.0160585710e-001
-1.0954228709e+000 -6.5493108713e-001 -9.8607877984e-001
8.5656631041e+003 -3.1439210280e-002 4.5292102270e-001
-3.0861162931e-001 -3.3984323331e-001 8.8840612280e-001
3.0410430990e-001 8.4972411470e-001 4.3068491684e-001
-9.0126546087e-001 4.0308250479e-001 -1.5888695156e-001
-1.1792216026e+000 -5.8556729240e-001 -1.1739436818e+000
8.5656631041e+003 -3.1439210280e-002 4.5292102270e-001
-1.8385227728e-001 -3.4591577606e-001 9.2007641857e-001
3.1163928675e-001 8.6723030213e-001 3.8832017464e-001
-9.3224422503e-001 3.5812550726e-001 -5.1641320245e-002
-1.2174693879e+000 -5.3003581862e-001 -1.3127297101e+000
8.6879652883e+003 2.9848888121e-002 -1.4451414839e-001
4.5693233306e-001 -2.9133327655e-001 8.4043903109e-001
2.6108453739e-001 9.4715268163e-001 1.8637774014e-001
-8.5032211975e-001 1.3426362001e-001 5.0884729832e-001
-1.1074407698e+000 -2.7506244475e-001 -2.0543390168e+000
8.6879652883e+003 2.9848888121e-002 -1.4451414839e-001
5.7863157733e-001 -2.6084659915e-001 7.7275128562e-001
2.3399479464e-001 9.6073874147e-001 1.4908892216e-001
-7.8130143594e-001 9.4552220198e-002 6.1695051978e-001
-1.0170481206e+000 -2.2709625681e-001 -2.1939170812e+000
8.6879652883e+003 2.9848888121e-002 -1.4451414839e-001
6.8507826065e-001 -2.2790238025e-001 6.9190193081e-001
2.0285903512e-001 9.7191630284e-001 1.1927662029e-001
-6.9965419219e-001 5.8644738518e-002 7.1207078721e-001
-9.0949227373e-001 -1.8901192731e-001 -2.3156999930e+000
8.6879652883e+003 2.9848888121e-002 -1.4451414839e-001
7.7130137360e-001 -1.9325301782e-001 6.0642185168e-001
1.7057331763e-001 9.8069868834e-001 9.5576283654e-002
-6.1318751977e-001 2.9721268259e-002 7.8937805379e-001
-7.9667613342e-001 -1.5916527613e-001 -2.4148574253e+000
8.6879652883e+003 2.9848888121e-002 -1.4451414839e-001
8.6112872575e-001 -1.4473502714e-001 4.8734904289e-001
1.2620049295e-001 9.8947033405e-001 7.0865320192e-002
-4.9247411431e-001 4.7952657475e-004 8.7032695970e-001
-6.3994643920e-001 -1.2786616340e-001 -2.5183410863e+000
8.6879652883e+003 2.9848888121e-002 -1.4451414839e-001
9.2120174188e-001 -9.9630977354e-002 3.7611304033e-001
8.5067175369e-002 9.9484615701e-001 5.5178796232e-002
-3.7967213018e-001 -1.8835929243e-002 9.2492933856e-001
-4.9380503940e-001 -1.0828540375e-001 -2.5871931347e+000
8.6879652883e+003 2.9848888121e-002 -1.4451414839e-001
9.7592789273e-001 -3.4989124677e-002 2.1526845878e-001
2.6814904634e-002 9.9880838561e-001 4.0777073471e-002
-2.1643869589e-001 -3.4023080191e-002 9.7570319305e-001
-2.8339615878e-001 -9.0594477386e-002 -2.6504939701e+000
8.6879652883e+003 2.9848888121e-002 -1.4451414839e-001
9.9835027663e-001 3.1596915665e-002 4.7941214703e-002
-3.3310970010e-002 9.9881841665e-001 3.5385729367e-002
-4.6766488255e-002 -3.6924321067e-002 9.9822316648e-001
-6.4729944171e-002 -8.4718153308e-002 -2.6761049895e+000
8.6879652883e+003 2.9848888121e-002 -1.4451414839e-001
9.9158528998e-001 8.7168544795e-002 -9.5709234100e-002
-8.4026452707e-002 9.9579880639e-001 3.6390829169e-002
9.8479276700e-002 -2.8042503461e-002 9.9474391180e-001
1.2196801495e-001 -8.6970473393e-002 -2.6681938404e+000
3.3066348735e-001 7.9513065627e-002 1.2684829750e+000
52 48 37
6 0 0 2237.2290 -452.9385 1 0 2237.5181 -409.3472 2 0 2180.1655 -658.5664 20 0 2186.5952 -357.5454 21 0 2254.6196 -513.2295 35 0 -2160.3291 -72.2690
3.2370345566e-001 8.4786292325e-002 1.2711064440e+000
60 58 47
4 0 2 2185.5918 -487.4504 1 2 2186.6431 -443.8665 2 1 2125.4180 -690.5747 3 0 1854.6499 -938.5225
2.5444376690e-001 9.0594971500e-002 1.2855633587e+000
130 113 87
3 0 3 1699.7432 -519.6086 1 3 1706.2456 -484.8389 3 1 1379.7849 -865.9624
2.9657298251e-001 9.3145626510e-002 1.2791150704e+000
89 97 99
6 0 4 1990.8867 -539.8130 1 4 1993.2046 -499.2661 2 2 1923.2314 -727.6113 19 1 1824.0659 -291.7268 21 2 2012.5449 -605.1875 39 0 -1859.7273 530.5211
2.6070075230e-001 9.9171904203e-002 1.2880969682e+000
159 137 112
3 0 6 1737.9912 -575.6790 1 6 1743.9023 -538.9116 3 2 1418.4302 -936.5232
3.0278905880e-001 9.9642843995e-002 1.2801768517e+000
53 52 44
7 0 7 2030.7695 -582.5659 1 7 2032.5957 -540.3213 2 4 1963.0464 -776.4250 19 2 1857.6460 -324.3083 20 2 1999.9648 -498.6040 21 4 2052.7485 -646.2415 36 1 -2060.0000 253.6339
2.6581020197e-001 1.0063749774e-001 1.2867114005e+000
108 98 82
5 0 8 1773.8950 -585.6670 1 8 1779.6143 -549.5369 19 3 1653.1392 -366.7744 20 3 1766.7158 -524.4192 21 5 1801.3433 -656.5222
2.7884117398e-001 1.0374192998e-001 1.2843696561e+000
71 66 58
8 0 10 1864.6338 -608.1050 1 10 1869.5068 -568.6946 18 0 1432.6309 -172.4270 20 4 1851.0220 -537.4661 21 6 1890.5259 -675.4810 36 2 -1893.6058 302.5953 37 1 -1900.6202 402.8584 38 1 -1848.8928 512.2922
3.0344051181e-001 1.0384797736e-001 1.2813874240e+000
69 68 67
12 0 11 2033.5840 -610.6143 1 11 2035.2900 -568.0530 2 5 1966.0908 -805.4717 3 3 1702.8447 -1041.6038 19 4 1859.6230 -348.0999 20 5 2001.9312 -524.7415 21 7 2055.8711 -673.6746 35 1 -1979.6288 144.8888 36 3 -2067.3511 280.8243 37 2 -2067.7913 390.1276 38 2 -2004.2155 508.3438 39 1 -1907.6661 595.7719
3.0523323063e-001 1.0390355612e-001 1.2810697106e+000
62 62 56
9 0 12 2045.4902 -611.1108 1 12 2046.5522 -568.8569 2 6 1979.4824 -806.8984 19 5 1869.3745 -346.2874 20 6 2014.7446 -522.9248 21 8 2067.7051 -674.4280 36 4 -2079.8750 279.1718 37 3 -2080.5308 389.2944 38 3 -2015.9346 508.4182
3.0590799199e-001 1.0538614591e-001 1.2814193640e+000
59 56 49
8 0 13 2049.8101 -620.3943 1 13 2051.7305 -578.2388 2 7 1982.7632 -817.8679 3 4 1718.1821 -1056.0366 19 6 1873.0220 -355.4573 20 7 2017.3657 -532.2754 21 9 2072.3892 -683.6111 36 5 -2085.4080 288.6161
2.9444548376e-001 1.1184817594e-001 1.2849163480e+000
63 70 70
6 0 14 1967.3564 -662.0779 1 14 1970.6152 -619.8589 2 8 1896.4497 -853.5994 3 5 1634.7837 -1082.7649 20 8 1944.6514 -578.9468 21 10 1991.9849 -726.5315
2.8603726951e-001 1.1907737130e-001 1.2875645593e+000
51 51 45
2 0 15 1907.5015 -708.5852 1 15 1911.9302 -666.5623
-2.1639600136e-001 1.6806823289e-002 1.3474309818e+000
140 125 97
17 0 17 -1370.1951 -22.0454 1 17 -1380.2617 -39.0803 16 2 -583.4818 -696.7075 17 2 -914.2352 -617.3145 18 2 -1162.8606 -510.4204 19 8 -1337.6873 -363.4053 20 10 -1378.3182 -258.9872 21 12 -1362.4647 -171.3850 34 1 970.9067 432.0649 35 2 1120.9780 371.6561 36 6 1237.9990 305.4420 37 4 1311.1028 247.1189 38 4 1363.9751 173.5580 39 2 1379.9985 115.5734 40 1 1358.0176 42.9651 41 0 1292.0522 -33.7382 43 0 778.5620 -276.0778
3.3417236450e-001 1.5794424691e-002 1.2482354670e+000
53 52 43
7 0 19 2298.1353 -24.9644 1 19 2295.3452 15.8988 2 10 2247.4404 -210.7145 19 9 2056.5728 213.4131 20 11 2234.1973 50.2633 21 14 2311.4292 -89.8363 34 3 -1965.7200 -677.2405
-9.5753364493e-002 1.7946080551e-002 1.3267725269e+000
162 146 108
9 0 20 -612.3959 -32.2609 1 20 -610.1210 -36.5503 2 11 -599.7642 9.3151 18 3 -434.1274 -283.2426 19 10 -531.6616 -234.2819 20 12 -573.9979 -198.9242 21 15 -587.3235 -163.2896 40 3 579.4734 90.4332 41 2 550.8230 59.5576
-2.0214978974e-001 1.9615268966e-002 1.3458015901e+000
140 134 115
12 0 21 -1279.8613 -40.6774 1 21 -1287.7714 -56.7107 17 3 -838.7434 -598.2170 18 4 -1072.2109 -499.6028 19 11 -1239.3218 -364.2361 20 13 -1281.1182 -268.7526 35 4 1051.3276 369.7758 36 8 1158.6265 307.5131 37 6 1226.0625 252.9987 38 6 1273.5637 185.5906 39 4 1286.8745 131.8059 40 4 1264.1326 65.0426
-1.7428063299e-001 2.0024535812e-002 1.3414017378e+000
129 134 128
11 0 22 -1107.8273 -44.3157 1 22 -1112.9530 -57.2717 17 4 -699.0820 -524.2920 18 5 -900.0415 -445.8501 19 12 -1051.7438 -334.8232 21 16 -1093.0598 -187.4553 35 5 910.2715 336.7109 38 7 1092.6213 179.8933 39 5 1102.1628 134.8713 40 5 1080.8994 79.1531 41 3 1024.8889 20.0638
7.2701937484e-002 1.9974213035e-002 1.2966076380e+000
126 109 80
16 0 23 485.4309 -48.0958 1 23 495.9011 -35.8146 2 12 425.8374 -88.6163 3 6 308.1128 -134.7189 18 6 477.2388 -2.7563 19 13 533.4387 -68.4894 20 14 537.9199 -118.5548 21 17 520.8843 -154.2064 35 6 -449.2781 -26.5215 36 9 -486.9128 12.4819 37 7 -497.2756 46.3481 38 8 -490.0181 84.3718 39 6 -469.6995 114.3535 40 6 -435.1921 147.9105 41 4 -382.8098 176.9426 42 1 -309.3894 203.8896
2.6786054627e-002 2.0766992261e-002 1.3056680363e+000
129 114 88
14 0 24 181.6714 -52.6793 1 24 190.8645 -44.9272 2 13 137.1821 -70.0854 3 7 58.9368 -89.4835 17 5 204.8030 -55.9604 18 7 238.8755 -84.1610 19 14 249.1685 -121.0131 20 15 235.9104 -148.9020 21 18 215.5620 -166.0293 33 1 -117.5281 18.0061 34 4 -154.5505 36.6583 36 10 -199.3850 71.6910 40 7 -165.9385 142.5078 41 5 -137.8386 156.2192
2.4148511686e-002 2.2413111311e-002 1.3069953472e+000
130 116 86
10 0 25 164.0369 -63.0781 1 25 173.7661 -56.0668 2 14 120.3987 -79.5688 3 8 44.6067 -97.5754 20 16 219.3430 -160.9115 21 19 198.5735 -176.5375 39 7 -167.0903 136.2881 40 8 -149.6997 152.7175 42 2 -85.9907 177.1490 43 1 -242.2344 101.7008
3.3705422165e-001 2.3012408713e-002 1.2500477266e+000
68 77 71
7 0 26 2314.7559 -74.5750 1 26 2312.0215 -33.2534 2 15 2264.2114 -263.5411 3 9 1995.8320 -496.1809 18 8 1683.6392 369.2936 19 15 2069.3232 170.7483 39 8 -2038.6772 113.3568
3.3040034757e-001 2.5527189173e-002 1.2512797797e+000
62 53 39
5 0 29 2268.0029 -91.8466 1 29 2265.2065 -50.5710 2 18 2212.4800 -277.6250 3 12 1943.6611 -505.7422 20 19 2206.4609 -14.6711
3.0234065417e-002 2.7919992650e-002 1.3089061260e+000
107 112 105
8 0 30 203.4475 -99.3184 1 30 212.6609 -90.8706 17 6 211.1125 -94.3684 18 10 250.6699 -124.5880 19 18 266.1946 -163.5988 20 20 255.8503 -193.2487 21 22 237.2659 -211.7526 40 10 -183.9216 192.0057
1.1053730600e-001 2.7440405361e-002 1.2919260611e+000
138 122 90
18 0 31 738.2000 -98.0851 1 31 749.0728 -81.8188 2 19 670.2832 -159.2166 3 13 520.3674 -228.5925 18 11 665.6523 11.0472 19 19 763.6235 -77.2267 20 21 784.3713 -146.3883 21 23 773.8972 -198.1000 32 2 -384.6497 -170.9595 34 7 -597.2225 -90.1902 35 9 -677.9646 -41.3904 36 13 -728.7147 14.0155 37 10 -742.2352 61.4523 38 11 -732.9567 113.7445 39 10 -704.2811 155.1993 40 11 -654.6871 200.7686 41 6 -581.5082 241.3217 42 3 -478.3931 279.0580
1.1899819601e-001 2.9144837468e-002 1.2909856295e+000
129 115 86
16 0 32 795.1257 -109.2719 1 32 806.0063 -92.2548 2 20 724.5642 -175.0359 3 14 568.4431 -249.6647 18 12 707.3982 14.6428 19 20 814.7749 -79.0408 20 22 839.6992 -152.5975 21 24 830.2957 -208.0990 33 3 -525.0159 -148.8168 34 8 -644.2609 -96.1459 35 10 -729.7401 -43.5165 36 14 -783.0347 15.5801 37 11 -797.5742 65.4097 38 12 -787.1653 121.2556 39 11 -756.4172 165.0024 40 12 -703.4484 213.4729
1.1012468630e-001 2.9334514815e-002 1.2926187325e+000
134 119 89
19 0 33 734.7212 -110.9557 1 33 745.8503 -94.8010 2 21 666.7585 -172.1289 3 15 517.6702 -241.6096 4 1 296.4609 -293.5443 18 13 663.3933 -0.9111 19 21 760.7783 -90.0554 20 23 781.5972 -158.9789 21 25 770.0269 -211.1919 31 0 -304.8132 -44.1898 32 3 -383.3281 -159.3547 33 4 -483.9727 -127.1411 34 9 -595.2029 -77.2229 35 11 -675.9473 -29.5115 36 15 -726.3350 26.3079 38 13 -730.8070 125.7144 39 12 -702.2661 167.2903 40 13 -652.8344 212.8217 41 7 -579.4368 252.7469
-1.7796695165e-001 3.1008428513e-002 1.3452039516e+000
154 138 109
7 0 34 -1127.2902 -113.6326 1 34 -1132.3014 -127.4196 2 22 -1065.4517 -33.4725 18 14 -917.0483 -527.5547 19 22 -1071.4734 -411.9197 20 24 -1116.3851 -329.0068 21 26 -1112.8157 -258.2480
-1.7926261774e-001 3.2983857127e-002 1.3463996785e+000
144 131 106
7 0 35 -1134.6567 -126.3990 1 35 -1139.5507 -140.5215 2 23 -1071.3844 -44.8710 18 15 -925.3715 -542.9463 19 23 -1080.4082 -426.4038 20 25 -1124.5143 -342.2710 21 27 -1120.6519 -271.0586
-1.5952596047e-002 3.3082362332e-002 1.3174169083e+000
119 107 85
14 0 36 -98.2922 -131.3204 1 36 -90.3113 -128.2050 3 16 -165.4207 -124.4492 17 7 31.0178 -226.1432 18 16 13.8315 -236.2373 19 24 -17.9551 -245.3876 20 26 -44.7422 -251.7695 21 28 -66.3269 -250.5833 34 10 62.4509 193.0573 35 12 62.8816 192.3727 36 16 62.7920 194.7751 37 12 67.5798 198.5172 38 14 73.7874 200.3749 41 8 91.3357 206.1876
1.6024276262e-001 3.2703060357e-002 1.2841692436e+000
139 127 97
11 0 37 1073.9707 -134.2393 1 37 1084.2825 -112.7358 2 24 998.2612 -222.9033 3 17 811.3518 -325.8704 20 27 1107.9946 -154.0574 21 29 1107.9822 -225.9937 34 11 -877.4617 -162.5735 35 13 -986.2838 -90.4945 36 17 -1051.7538 -13.2383 37 13 -1067.8663 52.3259 40 14 -936.4080 242.0459
-1.1604356000e-001 3.4755762910e-002 1.3355498510e+000
144 131 105
11 0 38 -738.4307 -138.8903 1 38 -737.4037 -146.7397 2 25 -716.4512 -86.4598 3 18 -654.4763 -33.3563 17 8 -410.4990 -474.2324 18 17 -544.8905 -431.0652 20 28 -704.2496 -318.3257 21 30 -715.9911 -274.2292 36 18 664.2202 310.6938 39 13 723.0239 221.2043 40 15 706.2185 188.1321
-3.5863542297e-002 3.4512227171e-002 1.3214463012e+000
146 133 104
20 0 39 -227.4021 -139.5599 1 39 -221.2014 -138.3549 2 26 -245.0386 -126.9248 3 19 -264.6941 -112.9149 16 4 -14.7095 -277.8312 17 9 -54.2019 -280.8436 18 18 -94.3535 -280.2319 19 25 -144.1299 -277.5232 20 29 -176.2900 -272.7004 21 31 -197.3760 -262.4399 31 1 145.1990 365.7346 32 4 134.8330 238.0629 33 5 144.1729 238.6029 34 12 160.2222 236.9264 35 14 175.3640 229.0901 36 19 184.1765 224.1799 39 14 206.4575 214.1826 40 16 205.9297 209.9714 41 9 201.6870 203.2463 42 4 194.5757 195.0571
-2.7764733081e-002 3.5181741338e-002 1.3202797026e+000
156 137 99
15 0 40 -174.6621 -143.3298 1 40 -167.8091 -142.1440 2 27 -196.8965 -135.3253 18 19 -50.3389 -271.1639 19 26 -91.3853 -272.2333 21 32 -143.4873 -265.8284 33 6 112.0747 227.0875 34 13 120.6331 227.0166 35 15 130.3975 223.4744 36 20 135.4380 221.3282 37 14 142.2969 220.0128 38 15 149.0894 217.8966 39 15 155.5215 217.5605 40 17 156.9094 215.8529 41 10 156.7793 211.5399
2.8240238246e-003 4.0556073992e-002 1.3166577701e+000
145 127 94
11 0 45 24.2449 -179.6737 1 45 33.5969 -174.8345 2 30 -11.5281 -185.4988 3 20 -68.6052 -193.6924 17 11 108.4338 -232.3137 18 22 113.7129 -251.3602 19 29 100.6436 -273.5615 20 32 78.6833 -289.8962 21 36 57.1206 -296.9926 40 20 -27.3718 257.7601 41 13 -13.0747 262.7015
3.2221765359e-001 4.0752117907e-002 1.2568219381e+000
66 61 47
5 0 47 2201.1489 -194.1285 1 47 2200.1143 -153.2650 2 32 2141.5874 -381.0293 5 0 -772.0784 575.4504 21 38 2218.2656 -258.5588
4.2239452316e-002 4.3144703483e-002 1.3101334556e+000
158 134 95
7 0 48 282.0020 -197.9607 1 48 291.7341 -189.4341 2 33 231.3081 -225.2142 3 21 138.8628 -254.8058 19 31 345.6619 -246.7424 20 34 336.2932 -285.2056 21 39 316.1350 -308.9052
4.6495845081e-002 4.5801985774e-002 1.3103544492e+000
141 125 95
8 0 49 309.3105 -215.1796 1 49 319.6511 -205.8062 2 34 257.7659 -244.1453 3 22 161.0522 -277.1315 18 24 341.8342 -207.7881 19 32 371.5955 -259.8195 20 35 364.5818 -299.8673 34 17 -254.6248 157.0250
1.6897609887e-001 4.5090125053e-002 1.2881552250e+000
122 111 89
5 0 50 1128.3469 -215.8136 1 50 1138.3027 -191.9043 2 35 1054.2229 -313.4828 39 19 -1063.6289 259.9053 40 22 -986.6166 323.9109
9.2882268830e-002 4.7045556000e-002 1.3013050725e+000
145 128 94
18 0 51 616.7126 -225.8010 1 51 628.1377 -210.5842 2 36 550.9844 -280.0000 3 23 414.1558 -341.1423 4 3 217.4597 -385.5657 17 13 467.2285 -78.0244 18 25 580.0820 -136.7747 19 33 656.7151 -218.7736 20 36 668.3313 -281.7119 21 40 652.7507 -327.9353 35 19 -572.2577 109.6179 36 25 -619.3875 156.1465 37 16 -633.8468 195.1171 38 18 -627.7694 239.7629 39 20 -603.7408 275.6556 40 23 -562.5609 314.0167 41 15 -500.1079 348.0162 42 5 -411.3818 380.3507
1.5832590714e-002 4.8029891088e-002 1.3165404692e+000
140 122 90
15 0 53 108.2246 -228.5833 1 53 117.6028 -221.9406 2 37 68.1262 -242.2469 18 26 183.8782 -274.1752 19 35 181.9216 -306.6084 20 37 164.3643 -331.0247 21 42 143.1682 -344.7744 34 18 -94.5811 227.1053 35 20 -116.3613 237.3132 36 26 -132.8530 251.8800 37 18 -136.7183 265.9100 38 19 -133.9338 280.6582 39 21 -122.1331 292.8838 40 25 -109.0833 306.2408 41 16 -87.2590 315.4735
3.3835830854e-001 4.6420838013e-002 1.2571692298e+000
54 55 47
4 0 54 2310.5308 -232.1531 1 54 2307.9453 -189.2509 2 38 2258.5181 -432.2849 3 25 1988.2744 -676.9197
3.3594692024e-001 4.7003522239e-002 1.2570671116e+000
48 45 33
11 0 55 2294.6216 -236.4552 1 55 2292.8428 -194.2797 19 36 2057.4565 24.2917 20 38 2233.3965 -149.6306 21 43 2309.6504 -299.0322 35 21 -2177.9922 -303.8655 36 27 -2255.3384 -134.8373 37 19 -2245.5735 -0.2059 39 22 -2053.1555 250.3276 40 26 -1879.0640 364.1163 41 17 -1653.2400 462.8480
1.1680950932e-001 4.8942860160e-002 1.2976472636e+000
145 128 100
8 0 56 776.4998 -239.0476 1 56 787.3154 -221.3782 2 39 705.5847 -305.9994 3 26 550.6973 -383.3242 17 14 555.7051 -41.6687 19 37 800.4016 -206.3000 21 44 811.8264 -337.4092 33 8 -512.6333 -14.7993
3.2913171524e-001 4.7851946995e-002 1.2579780774e+000
74 73 64
7 0 57 2246.1670 -241.7328 1 57 2243.7583 -200.2429 2 40 2189.1479 -436.6252 18 27 1652.2676 217.8599 19 38 2022.6069 12.9133 20 39 2192.4790 -158.3351 21 45 2262.1709 -305.0602
1.4217587894e-001 4.9271268248e-002 1.2927218628e+000
144 127 95
14 0 58 947.0273 -242.7942 1 58 957.9426 -222.5486 2 41 872.3015 -324.1389 3 27 697.6697 -416.9099 20 40 988.0071 -269.7629 21 46 982.2830 -337.5134 33 9 -632.3007 -76.9700 34 19 -774.9054 -16.8397 35 22 -876.4926 44.2401 36 28 -939.2684 111.7529 37 20 -956.3192 169.3219 38 20 -943.6604 232.7825 39 23 -907.4713 282.1040 40 27 -844.2327 336.4504
2.0376380533e-002 5.0928530110e-002 1.3165720719e+000
125 112 87
16 0 59 138.0347 -247.2738 1 59 147.1790 -240.7417 2 42 94.6499 -262.9758 18 28 208.6150 -284.8232 19 39 211.1926 -320.4927 20 41 193.9490 -346.5034 21 47 171.1782 -362.2031 33 10 -82.7039 221.3700 34 20 -117.4980 236.6229 35 23 -143.2366 248.5508 36 29 -161.7952 264.6748 37 21 -166.8242 279.6626 38 21 -163.5906 295.5748 39 24 -152.0547 309.6713 40 28 -136.8782 324.8625 41 18 -113.6780 337.3925
6.7411231279e-003 5.1160471419e-002 1.3189270871e+000
135 121 94
8 0 60 49.5688 -248.3494 1 60 58.2271 -243.0302 2 43 11.3257 -256.4634 3 28 -50.3987 -266.1962 17 15 127.5908 -288.4984 18 29 137.9548 -310.2715 20 42 104.6838 -355.9392 21 48 82.4917 -364.7839
3.2387620879e-002 5.3517679751e-002 1.3150597562e+000
115 108 89
12 1 61 225.6118 -256.7651 2 44 168.7039 -286.4244 3 29 84.4426 -310.4706 4 4 -21.4841 -324.8472 17 16 231.1655 -246.7939 18 30 271.7305 -280.2162 19 40 286.3179 -322.8264 20 43 272.4548 -356.4048 35 24 -212.5549 246.5148 36 30 -237.1184 267.1926 41 19 -181.4453 357.5870 42 6 -138.7085 372.1605
2.5814133205e-001 5.1876946716e-002 1.2729455827e+000
120 100 66
4 0 61 1741.5112 -265.0293 1 62 1747.0000 -231.5223 2 45 1668.1406 -415.8950 21 49 1767.7930 -339.8674
1.1472070553e-001 5.6466263738e-002 1.3011945194e+000
135 118 89
9 0 63 760.1462 -287.7013 1 64 770.3909 -270.9852 21 51 796.0251 -386.7046 35 25 -708.4486 140.0573 36 31 -763.4563 193.8108 39 25 -740.9733 333.4885 40 29 -689.9174 378.0646 41 20 -613.6736 417.9950 42 7 -506.6990 455.2977
3.2722591295e-001 5.5554644245e-002 1.2608159045e+000
58 54 44
7 0 64 2227.9502 -293.9186 1 65 2227.2935 -251.1923 2 46 2169.4941 -489.3242 18 31 1642.4727 171.2041 19 42 2009.4561 -35.3488 20 44 2176.0234 -208.4695 21 52 2245.0503 -356.2573
3.3367574756e-001 5.8156699235e-002 1.2609925869e+000
60 55 42
4 0 65 2271.3862 -311.4084 1 66 2270.4536 -268.6217 2 47 2215.7388 -511.6667 3 30 1944.7832 -757.1355
2.4087107952e-001 6.5160131835e-002 1.2799337025e+000
145 125 87
4 0 67 1616.5356 -352.4221 1 68 1623.3062 -319.3677 5 1 -536.3879 310.3920 21 54 1645.3823 -428.9385
3.0306544132e-001 7.2713999346e-002 1.2711912426e+000
65 61 51
7 0 69 2047.7588 -406.5178 1 70 2048.7661 -366.2788 18 32 1535.0474 37.8912 19 43 1867.7778 -162.8540 20 45 2013.2397 -328.8000 21 56 2068.8076 -471.4824 37 23 -2041.5266 188.4235
2.9393480871e-001 7.3471794955e-002 1.2735404097e+000
69 68 57
9 0 70 1982.0947 -410.5459 1 71 1984.2280 -371.4705 17 18 1144.5310 149.8416 18 33 1494.5393 20.7728 19 44 1815.5679 -176.3494 20 46 1953.0176 -339.3059 21 57 2004.7441 -477.7732 36 33 -1978.2395 89.9436 42 8 -1232.3743 673.4999
3.1398283212e-001 7.3938686010e-002 1.2693512041e+000
65 63 53
7 0 71 2123.5205 -414.9216 1 72 2124.1621 -373.2537 2 49 2059.9766 -608.6101 18 34 1582.1831 47.7971 19 45 1929.4014 -159.9176 20 47 2083.3691 -332.1152 21 58 2143.4365 -477.0603
3.2970492078e-001 8.0980289904e-002 1.2687091420e+000
47 47 38
6 0 72 2229.7871 -462.6707 1 73 2230.9448 -418.2610 2 50 2172.6470 -669.5544 19 46 2014.3374 -186.4347 20 48 2179.7231 -366.9705 21 59 2248.2339 -522.8877
3.2783550089e-001 8.5416784682e-002 1.2710893494e+000
45 44 33
7 0 74 2214.5366 -491.5867 1 75 2213.0747 -447.4417 2 51 2154.8374 -697.9634 19 48 1998.8770 -215.0045 20 50 2164.4932 -396.1782 21 61 2232.6206 -551.8015 35 28 -2144.8357 -26.4442
2.7649524025e-001 8.8214236914e-002 1.2807630188e+000
73 73 70
7 0 75 1853.7651 -506.5913 20 51 1839.2329 -441.2021 21 62 1879.6885 -574.9055 37 24 -1873.1226 307.9825 38 24 -1821.5066 419.7799 39 27 -1737.2532 503.0990 40 31 -1600.9243 592.2971
2.8020700411e-001 9.9160327346e-002 1.2835501243e+000
66 63 54
6 0 77 1874.4839 -577.4905 1 77 1878.5957 -538.4434 2 52 1801.2095 -756.2849 19 49 1734.2676 -343.9768 20 52 1858.5728 -507.7271 21 63 1900.3481 -645.6890
3.0901064587e-001 9.9994057858e-002 1.2793202064e+000
59 55 46
8 0 78 2074.1958 -586.1355 1 78 2075.0615 -542.9321 2 53 2008.3540 -784.1731 3 32 1742.8086 -1022.9368 19 50 1890.2241 -320.5293 21 64 2094.4966 -646.9587 36 35 -2104.9207 248.7643 37 25 -2104.2495 361.9779
2.6484775536e-001 1.0330220623e-001 1.2883853282e+000
138 117 95
6 0 79 1765.3667 -602.9482 1 79 1770.3281 -565.9382 2 54 1690.0020 -770.7314 21 65 1792.5840 -674.0967 33 11 -1285.1761 -15.8521 34 22 -1539.2411 93.8054
2.8689773856e-001 -4.3468985515e-002 1.2389090892e+000
92 90 83
4 0 80 1988.2275 383.8231 1 80 1989.2681 414.6366 20 53 1949.3696 412.4272 21 66 2006.0713 306.0741
2.7895214873e-001 -3.7097869313e-002 1.2431603753e+000
107 116 120
12 0 82 1926.2129 338.8079 1 82 1928.5981 370.1418 2 56 1866.0020 202.5397 3 34 1623.2002 38.4581 17 20 1098.0588 744.0212 18 37 1440.1392 643.4846 19 52 1754.5503 491.6605 20 55 1892.5073 365.4409 21 68 1945.5166 260.2942 35 30 -1736.0934 -730.3328 36 37 -1805.2783 -576.6072 37 27 -1803.5283 -453.6934
2.8197467137e-001 -3.7128772562e-002 1.2419121273e+000
108 105 105
9 0 83 1950.2007 339.1746 1 83 1951.6689 369.9633 2 57 1888.5874 203.2115 3 35 1643.3857 37.8525 18 38 1456.0930 648.4084 19 53 1774.7842 494.1566 21 69 1969.0337 260.2699 35 31 -1753.8108 -738.6843 36 38 -1825.5206 -583.5884
2.7242103010e-001 -2.9216342308e-002 1.2471869566e+000
89 94 94
8 0 84 1875.1563 283.8583 1 84 1877.8530 314.4227 16 7 694.3225 762.2911 17 21 1075.7783 687.4868 18 39 1409.0212 587.3217 19 54 1714.2764 435.5691 20 56 1846.1694 309.7661 21 70 1895.6997 205.0475
2.7417947524e-001 -2.6350852319e-002 1.2466605083e+000
90 89 85
7 0 87 1888.7061 263.9983 1 87 1891.4492 295.1328 3 36 1581.0693 -35.3920 18 41 1420.2957 573.5894 19 56 1726.8281 419.5122 20 58 1860.2324 292.2651 21 73 1909.8110 185.6404
-3.1151656094e-001 -2.5883226727e-002 1.3514058292e+000
142 142 140
3 0 88 -1967.9840 247.8356 1 88 -1992.5039 223.4969 21 74 -1979.1899 88.2821
-1.5222390190e-001 -2.4648831178e-002 1.3236496013e+000
137 123 91
4 0 90 -979.6067 243.2625 1 90 -982.7384 233.4509 2 59 -928.3557 306.1082 20 59 -961.5852 50.0526
4.8492814240e-002 -1.9809125087e-002 1.2917867171e+000
138 132 115
3 0 91 327.1582 214.7522 1 91 335.6899 223.8146 21 76 360.2222 105.1504
5.1362472460e-002 -1.9563380467e-002 1.2920038868e+000
131 122 105
3 0 92 345.9771 213.4050 1 92 354.8806 222.7052 21 77 378.7715 103.3192
-1.7966836302e-001 -1.3693654811e-002 1.3317255942e+000
135 122 96
12 0 94 -1149.7377 171.5764 1 94 -1155.8794 159.6439 16 8 -469.1606 -365.2263 17 24 -740.7618 -306.6073 18 42 -948.6138 -227.1252 19 57 -1100.5217 -115.9473 20 60 -1142.5773 -37.5923 21 79 -1136.0669 29.5194 39 30 1133.0518 -72.6426 41 23 1060.5574 -200.1155 42 11 960.9580 -268.2267 43 6 612.3203 -418.9187
2.4241786569e-001 -1.1501041514e-002 1.2572704482e+000
117 115 111
3 0 96 1655.8564 161.8756 1 96 1661.6641 190.8451 18 44 1277.6418 442.0531
-1.2591325578e-001 3.2568721019e-002 1.3367285958e+000
143 130 101
11 0 97 -801.0958 -124.8693 1 97 -800.8396 -132.8737 2 61 -772.6539 -68.3507 18 45 -604.1323 -435.9341 21 81 -779.7383 -261.2794 35 32 662.7791 344.2524 36 41 722.5093 307.9288 37 30 757.4299 277.3524 38 27 782.6133 238.4030 39 32 787.1870 208.8414 41 24 727.3225 132.3647
-1.3091499218e-001 3.4585905747e-002 1.3381872657e+000
141 128 103
15 0 99 -832.0383 -137.1619 1 99 -832.8804 -146.7809 2 63 -800.4723 -78.7953 17 27 -480.7705 -511.0322 18 47 -632.8976 -459.1145 19 60 -757.4779 -381.4226 20 63 -803.2662 -325.1470 21 83 -811.5848 -274.9232 35 33 690.6067 362.7505 36 42 751.8062 324.7279 37 31 789.8625 293.8088 38 28 814.4485 252.3562 39 33 819.6472 221.0945 40 34 800.2500 183.4847 42 13 683.5713 100.2384
-1.1896888484e-001 3.8916486694e-002 1.3371240224e+000
173 159 128
5 0 100 -757.2268 -165.4441 1 100 -754.9836 -173.1392 2 64 -732.6573 -111.7172 18 48 -560.2975 -464.2883 20 64 -722.3635 -347.1704
1.6817183417e-001 3.8297318147e-002 1.2847515869e+000
162 145 103
7 0 101 1126.2566 -171.5389 1 101 1136.2439 -147.9128 2 65 1049.7378 -265.9998 3 38 858.3486 -374.5720 19 61 1105.9529 -87.7437 20 65 1157.7869 -184.7717 21 84 1159.9341 -262.1710
4.9125960066e-002 3.9421710711e-002 1.3069530604e+000
138 122 90
12 0 102 327.0474 -174.6163 1 102 337.4553 -164.9015 2 66 274.5378 -204.3354 3 39 174.8572 -237.7100 19 62 390.5198 -216.4808 20 66 383.0427 -256.9749 35 34 -309.3535 131.1810 36 43 -340.2981 158.4419 37 32 -349.3535 183.1740 39 34 -330.3511 233.7432 40 35 -305.7810 258.0609 41 25 -267.3940 279.3464
1.6149345679e-001 3.9018787590e-002 1.2866342496e+000
150 136 100
7 0 103 1080.0623 -175.9363 1 103 1090.3667 -153.7738 2 67 1004.8015 -266.7690 3 40 818.6140 -371.3752 19 63 1065.0139 -98.0366 20 67 1113.4248 -193.0098 21 85 1113.9946 -267.6385
5.4397956679e-002 4.0382449255e-002 1.3062387957e+000
148 131 96
8 0 104 361.5906 -181.0367 1 104 372.8521 -170.2976 2 68 306.9763 -213.4755 3 41 202.8101 -250.4209 19 64 422.7847 -217.1781 37 33 -383.3538 185.1718 40 36 -337.3818 265.5648 41 26 -296.0479 287.4055
3.2759024303e-001 3.8875802512e-002 1.2560320970e+000
67 61 50
5 0 105 2238.5352 -181.8823 1 105 2238.1685 -140.2981 2 69 2182.1323 -371.5898 3 42 1914.6997 -602.1990 21 86 2255.3828 -245.4137
1.5505214140e-002 4.1027403897e-002 1.3142952197e+000
141 124 94
9 0 106 106.9509 -183.3658 1 106 116.3425 -177.0542 17 28 161.3713 -206.8345 18 49 181.7280 -231.7073 19 65 180.7461 -262.6521 21 87 140.5557 -298.2352 38 29 -128.9749 236.8616 39 35 -117.8518 249.6061 40 37 -104.6206 262.6462
6.6312264572e-002 4.1875526403e-002 1.3046632747e+000
126 111 84
13 0 108 441.0654 -190.5562 1 108 451.6558 -179.2015 3 44 268.0647 -274.2064 19 66 495.4355 -214.2640 20 69 495.3545 -263.8047 21 89 476.5405 -297.9926 36 45 -449.4709 153.2585 37 34 -459.6016 186.7351 38 30 -455.6104 220.6210 39 37 -437.4961 247.7913 40 38 -406.7673 277.2478 41 27 -359.3457 302.8705 42 14 -291.3179 326.9854
-5.6899359087e-002 4.2792393087e-002 1.3276187129e+000
160 142 103
15 0 109 -360.6277 -192.4583 1 109 -355.7539 -193.5265 2 71 -371.3542 -168.3729 3 45 -370.2805 -143.1172 19 67 -276.1765 -353.1970 20 70 -313.2844 -337.7283 21 90 -332.6414 -319.1960 35 36 292.9507 309.7205 36 46 314.2522 296.5255 37 35 326.0640 286.8733 38 31 335.8816 274.4091 39 38 339.4341 266.1089 40 39 334.4265 254.6191 41 28 319.6814 240.4819 42 15 295.0762 226.6252
8.9368886053e-002 4.2322725555e-002 1.3004640598e+000
156 137 101
11 0 110 594.2024 -194.8009 1 110 604.8367 -180.4064 3 46 395.8706 -304.2700 4 7 204.8992 -346.6213 17 29 453.6902 -57.1442 19 68 635.8484 -192.8048 20 71 645.6726 -253.3885 21 91 629.6370 -297.9832 33 15 -385.5225 6.8687 41 29 -480.0725 318.9406 42 16 -394.3608 349.4943
-4.0006148687e-002 4.4606040925e-002 1.3252065655e+000
143 130 101
15 0 112 -253.0884 -204.4191 1 112 -246.4419 -204.0869 2 73 -271.1558 -188.1458 18 50 -114.3650 -352.7466 19 70 -167.8372 -345.6201 20 73 -201.9570 -339.9985 21 93 -222.7026 -328.2349 35 38 200.5901 297.3093 36 48 210.6563 290.1947 37 37 219.6777 285.8414 38 33 226.6267 279.3572 39 40 231.5156 276.3055 40 41 228.5820 270.8690 41 30 221.9780 262.5037 42 17 210.5496 253.7067
