<?xml version="1.0" encoding="UTF-8"?>
<document version="1.1.0">
  <chunk>
    <sensors>
      <sensor id="0" label="Canon EOS 600D (37 mm)" type="frame">
        <resolution width="5184" height="3456"/>
        <property name="pixel_width" value="4.4035976080246883e-003"/>
        <property name="pixel_height" value="4.4035976080246883e-003"/>
        <property name="focal_length" value="3.7000000000000000e+001"/>
        <property name="fixed" value="false"/>
        <calibration type="frame" class="adjusted">
          <resolution width="5184" height="3456"/>
          <fx>8.5656631040869179e+003</fx>
          <fy>8.5656631040869179e+003</fy>
          <cx>2.5974891055088337e+003</cx>
          <cy>1.6442397559563674e+003</cy>
          <k1>-3.1439210279924162e-002</k1>
          <k2>4.5292102269529794e-001</k2>
          <k3>-7.8414064690432828e-001</k3>
        </calibration>
      </sensor>
      <sensor id="1" label="Canon EOS 600D (37 mm)" type="frame">
        <resolution width="5184" height="3456"/>
        <property name="pixel_width" value="4.4035976080246883e-003"/>
        <property name="pixel_height" value="4.4035976080246883e-003"/>
        <property name="focal_length" value="3.7000000000000000e+001"/>
        <property name="fixed" value="false"/>
        <calibration type="frame" class="adjusted">
          <resolution width="5184" height="3456"/>
          <fx>8.6879652882513856e+003</fx>
          <fy>8.6879652882513856e+003</fy>
          <cx>2.6408252895073347e+003</cx>
          <cy>1.5993567936198613e+003</cy>
          <k1>2.9848888120922765e-002</k1>
          <k2>-1.4451414839127488e-001</k2>
          <k3>1.8830658595875449e-001</k3>
        </calibration>
      </sensor>
    </sensors>
    <cameras>
      <camera id="0" label="Ox-0001.JPG" sensor_id="0" enabled="true">
        <transform>1.0000000000000000e+000 0.0000000000000000e+000 0.0000000000000000e+000 0.0000000000000000e+000 0.0000000000000000e+000 1.0000000000000000e+000 0.0000000000000000e+000 0.0000000000000000e+000 0.0000000000000000e+000 0.0000000000000000e+000 1.0000000000000000e+000 0.0000000000000000e+000 0.0000000000000000e+000 0.0000000000000000e+000 0.0000000000000000e+000 1.0000000000000000e+000</transform>
        <orientation>1</orientation>
      </camera>
      <camera id="1" label="Ox-0002.JPG" sensor_id="0" enabled="true">
        <transform>9.9898206680680068e-001 -1.5274090068355070e-002 4.2444462194691619e-002 -9.6061348172523775e-001 1.5208326189914254e-002 9.9988259451537198e-001 1.8718973554515280e-003 -3.0153147625129394e-002 -4.2468070510843760e-002 -1.2244826629867981e-003 9.9909707417712623e-001 1.5639987161426509e-002 0.0000000000000000e+000 0.0000000000000000e+000 0.0000000000000000e+000 1.0000000000000000e+000</transform>
        <orientation>1</orientation>
      </camera>
      <camera id="2" label="Ox-0003.JPG" sensor_id="0" enabled="true">
        <transform>9.7539017054044652e-001 7.4563682626971661e-002 -2.0749523475536219e-001 4.6608728906040238e+000 -7.6015446605227410e-002 9.9710615932559366e-001 9.7924071177249265e-004 -3.6991506141040374e-002 2.0696779239892965e-001 1.4817701173529442e-002 9.7823553842694022e-001 5.4322347648256586e-001 0.0000000000000000e+000 0.0000000000000000e+000 0.0000000000000000e+000 1.0000000000000000e+000</transform>
        <orientation>1</orientation>
      </camera>
      <camera id="3" label="Ox-0004.JPG" sensor_id="0" enabled="true">
        <transform>8.7913781637312982e-001 1.5807147442818784e-001 -4.4958882191929966e-001 1.0089455908005352e+001 -1.6319384522876426e-001 9.8620710370683995e-001 2.7628200766904792e-002 -6.6509255581747095e-001 4.4775492035502534e-001 4.9081132528345520e-002 8.9280825137741637e-001 2.5469879172602901e+000 0.0000000000000000e+000 0.0000000000000000e+000 0.0000000000000000e+000 1.0000000000000000e+000</transform>
        <orientation>1</orientation>
      </camera>
      <camera id="4" label="Ox-0005.JPG" sensor_id="0" enabled="true">
        <transform>7.0140386980327474e-001 2.3493409176479846e-001 -6.7293282276289668e-001 1.5082984551686877e+001 -2.4902797758235085e-001 9.6539262740236409e-001 7.7473487971075075e-002 -1.8102570980130024e+000 6.6784554936469787e-001 1.1323889563135721e-001 7.3563528647690335e-001 6.1290666601361279e+000 0.0000000000000000e+000 0.0000000000000000e+000 0.0000000000000000e+000 1.0000000000000000e+000</transform>
        <orientation>1</orientation>
      </camera>
      <camera id="5" label="Ox-0006.JPG" sensor_id="0" enabled="true">
        <orientation>1</orientation>
      </camera>
      <camera id="28" label="Ox-0011.JPG" sensor_id="1" enabled="true">
        <transform>-2.5896054678470287e-001 2.9638010810723392e-001 -9.1929226404191611e-001 2.0592265695172618e+001 -3.5163143040063938e-001 8.5752062664238560e-001 3.7551792505451753e-001 -8.4333778022455732e+000 8.9960812155258352e-001 4.2049638096087616e-001 -1.1784744899843047e-001 2.5111199700586837e+001 0.0000000000000000e+000 0.0000000000000000e+000 0.0000000000000000e+000 1.0000000000000000e+000</transform>
        <orientation>1</orientation>
      </camera>
      <camera id="29" label="Ox-0012.JPG" sensor_id="1" enabled="true">
        <transform>-4.7197870472649500e-001 2.6195675573182015e-001 -8.4179258752448016e-001 1.8871230138661399e+001 -3.2788638766781047e-001 8.3418296943936587e-001 4.4342901379981531e-001 -9.9851874464540451e+000 8.1836826616557812e-001 4.8530138226032488e-001 -3.0782454305880758e-001 2.9438268578069476e+001 0.0000000000000000e+000 0.0000000000000000e+000 0.0000000000000000e+000 1.0000000000000000e+000</transform>
        <orientation>1</orientation>
      </camera>
      <camera id="30" label="Ox-0013.JPG" sensor_id="1" enabled="true">
        <transform>-6.1425952468074541e-001 2.2638290454410287e-001 -7.5593387069846285e-001 1.6948817710987750e+001 -3.0122490279907660e-001 8.1815223469487874e-001 4.8978615619213128e-001 -1.1037992786095849e+001 7.2934819823776320e-001 5.2856191822146203e-001 -4.3436563438349585e-001 3.2318089315111990e+001 0.0000000000000000e+000 0.0000000000000000e+000 0.0000000000000000e+000 1.0000000000000000e+000</transform>
        <orientation>1</orientation>
      </camera>
      <camera id="31" label="Ox-0014.JPG" sensor_id="1" enabled="true">
        <transform>-7.5136702438322611e-001 1.7816676374917745e-001 -6.3537720998210279e-001 1.4229959212197885e+001 -2.6224117618556797e-001 8.0294310795099710e-001 5.3526809255437868e-001 -1.2093112556593656e+001 6.0553873549287196e-001 5.6880486081707993e-001 -5.5658231208739983e-001 3.5122488169489394e+001 0.0000000000000000e+000 0.0000000000000000e+000 0.0000000000000000e+000 1.0000000000000000e+000</transform>
        <orientation>1</orientation>
      </camera>
      <camera id="32" label="Ox-0015.JPG" sensor_id="1" enabled="true">
        <transform>-9.2352116244501314e-001 7.7107441983394101e-002 -3.7571678816229287e-001 8.3673347812801193e+000 -1.7536830986433694e-001 7.8630267971831413e-001 5.9243063033837517e-001 -1.3438813199899416e+001 3.4110792780517080e-001 6.1301104252580652e-001 -7.1264496302849589e-001 3.8679999912605339e+001 0.0000000000000000e+000 0.0000000000000000e+000 0.0000000000000000e+000 1.0000000000000000e+000</transform>
        <orientation>1</orientation>
      </camera>
      <camera id="33" label="Ox-0016.JPG" sensor_id="1" enabled="true">
        <transform>-9.9821440678414075e-001 -4.9126661282599710e-002 -3.3978952894559350e-002 6.0843475674441128e-001 -5.9572413433054250e-002 7.7712158495711425e-001 6.2652467609145579e-001 -1.4214760389959618e+001 -4.3732878189323560e-003 6.2743016611011537e-001 -7.7866055570362991e-001 4.0227028267355287e+001 0.0000000000000000e+000 0.0000000000000000e+000 0.0000000000000000e+000 1.0000000000000000e+000</transform>
        <orientation>1</orientation>
      </camera>
      <camera id="34" label="Ox-0017.JPG" sensor_id="1" enabled="true">
        <transform>-9.7166920778963628e-001 -1.3203408505664979e-001 1.9602538360302735e-001 -4.6218925160228288e+000 2.0814720043749520e-002 7.7837486376768061e-001 6.2745463492123865e-001 -1.4233327606117617e+001 -2.3542662989339375e-001 6.1375856151902108e-001 -7.5357463472382147e-001 3.9666706396681285e+001 0.0000000000000000e+000 0.0000000000000000e+000 0.0000000000000000e+000 1.0000000000000000e+000</transform>
        <orientation>1</orientation>
      </camera>
      <camera id="35" label="Ox-0018.JPG" sensor_id="1" enabled="true">
        <transform>-8.5326142366685409e-001 -2.2874648992245944e-001 4.6863630485715407e-001 -1.0824311823387385e+001 1.1844093722450015e-001 7.9016698763000603e-001 6.0133840393667226e-001 -1.3656563772013834e+001 -5.0785498645912230e-001 5.6860458581326667e-001 -6.4712606014649743e-001 3.7304780206130744e+001 0.0000000000000000e+000 0.0000000000000000e+000 0.0000000000000000e+000 1.0000000000000000e+000</transform>
        <orientation>1</orientation>
      </camera>
      <camera id="36" label="Ox-0019.JPG" sensor_id="1" enabled="true">
        <transform>-6.7943465576324436e-001 -2.8043748370016597e-001 6.7802903056122965e-001 -1.5660742099658091e+001 1.9876282712435905e-001 8.1918028203453885e-001 5.3799349817571762e-001 -1.2621411107136273e+001 -7.0630155535820094e-001 5.0029839422262079e-001 -5.0083892584028789e-001 3.3607412496523487e+001 0.0000000000000000e+000 0.0000000000000000e+000 0.0000000000000000e+000 1.0000000000000000e+000</transform>
        <orientation>1</orientation>
      </camera>
      <camera id="37" label="Ox-0020.JPG" sensor_id="1" enabled="true">
        <transform>-5.2611947051519381e-001 -3.1463045874411771e-001 7.9006707131437781e-001 -1.8166906783080524e+001 2.4239409130366990e-001 8.3502165703038689e-001 4.9394730163378270e-001 -1.1613150816951025e+001 -8.1513398116253266e-001 4.5138288261817489e-001 -3.6305658792180967e-001 3.0466218328608370e+001 0.0000000000000000e+000 0.0000000000000000e+000 0.0000000000000000e+000 1.0000000000000000e+000</transform>
        <orientation>1</orientation>
      </camera>
      <camera id="6" label="Ox-0025.JPG" sensor_id="0" enabled="true">
        <transform>2.5985956596924142e-001 -3.3427486391118122e-001 9.0594333229592161e-001 -2.0437612947259570e+001 3.1506862259411306e-001 9.1618075190582626e-001 2.4767840619222911e-001 -5.7663769544110677e+000 -9.1280050889059305e-001 2.2107271472173076e-001 3.4339785347995178e-001 1.4517283274605539e+001 0.0000000000000000e+000 0.0000000000000000e+000 0.0000000000000000e+000 1.0000000000000000e+000</transform>
        <orientation>1</orientation>
      </camera>
      <camera id="7" label="Ox-0026.JPG" sensor_id="0" enabled="true">
        <transform>5.0562906248997774e-001 -2.9556885401636851e-001 8.1054198145497502e-001 -1.8301536837982560e+001 2.8724272458644734e-001 9.4355904251048173e-001 1.6488769047099233e-001 -3.9363367619094656e+000 -8.1352988165012152e-001 1.4945027879583916e-001 5.6199087699907146e-001 9.6274087272573965e+000 0.0000000000000000e+000 0.0000000000000000e+000 0.0000000000000000e+000 1.0000000000000000e+000</transform>
        <orientation>1</orientation>
      </camera>
      <camera id="8" label="Ox-0027.JPG" sensor_id="0" enabled="true">
        <transform>7.1286897860313814e-001 -2.3715838204567707e-001 6.5998009149579295e-001 -1.4886618036171715e+001 2.3652330069053029e-001 9.6725127445965220e-001 9.2096146969543033e-002 -2.3195584481054143e+000 -6.6020795782524133e-001 9.0448183407160473e-002 7.4561691138450525e-001 5.5596595077728734e+000 0.0000000000000000e+000 0.0000000000000000e+000 0.0000000000000000e+000 1.0000000000000000e+000</transform>
        <orientation>1</orientation>
      </camera>
      <camera id="9" label="Ox-0028.JPG" sensor_id="0" enabled="true">
        <transform>8.9475993803774823e-001 -1.4833411695398546e-001 4.2119074423610786e-001 -9.5113391903672930e+000 1.5204782329181254e-001 9.8805771554363786e-001 2.4968183492384215e-002 -8.3895036337970996e-001 -4.1986439800834124e-001 4.1700605537197892e-002 9.0662833994031100e-001 1.9991156554216858e+000 0.0000000000000000e+000 0.0000000000000000e+000 0.0000000000000000e+000 1.0000000000000000e+000</transform>
        <orientation>1</orientation>
      </camera>
      <camera id="10" label="Ox-0029.JPG" sensor_id="0" enabled="true">
        <transform>9.7040953484033854e-001 -7.8938124002149584e-002 2.2819751810652791e-001 -5.1756158674954147e+000 8.1985974429069519e-002 9.9662588299738586e-001 -3.8922148703262362e-003 -2.1531304628222214e-001 -2.2712030884065351e-001 2.2486038306070849e-002 9.7360707854525386e-001 5.2713277759348032e-001 0.0000000000000000e+000 0.0000000000000000e+000 0.0000000000000000e+000 1.0000000000000000e+000</transform>
        <orientation>1</orientation>
      </camera>
      <camera id="11" label="Ox-0030.JPG" sensor_id="0" enabled="true">
        <transform>9.9784991891568953e-001 -2.0615822224539043e-002 6.2213561174056013e-002 -1.4562441366801333e+000 2.1698706049879894e-002 9.9962371629921665e-001 -1.6780702247047849e-002 6.6547552150788600e-002 -6.1844203250690462e-002 1.8094576152797089e-002 9.9792178092180051e-001 1.0834074662173003e-002 0.0000000000000000e+000 0.0000000000000000e+000 0.0000000000000000e+000 1.0000000000000000e+000</transform>
        <orientation>1</orientation>
      </camera>
      <camera id="38" label="Ox-0041.JPG" sensor_id="1" enabled="true">
        <transform>9.8032438990996740e-001 8.8249672471472751e-002 -1.7656751076097843e-001 3.6570532049250208e+000 1.0597706557817746e-001 -9.8995229720533928e-001 9.3612557006580888e-002 -1.3152414086647539e+000 -1.6653213539461120e-001 -1.1048277950228019e-001 -9.7982682312455682e-001 4.5119041754089217e+001 0.0000000000000000e+000 0.0000000000000000e+000 0.0000000000000000e+000 1.0000000000000000e+000</transform>
        <orientation>1</orientation>
      </camera>
      <camera id="39" label="Ox-0042.JPG" sensor_id="1" enabled="true">
        <transform>9.3621483746819312e-001 1.3712043188885387e-001 -3.2357343102149055e-001 7.0725754592583225e+000 1.6844603247452533e-001 -9.8316937158765449e-001 7.0738397744984347e-002 -7.9281332203990296e-001 -3.0842780718994239e-001 -1.2073099821732049e-001 -9.4355514614751212e-001 4.4271815297850530e+001 0.0000000000000000e+000 0.0000000000000000e+000 0.0000000000000000e+000 1.0000000000000000e+000</transform>
        <orientation>1</orientation>
      </camera>
      <camera id="40" label="Ox-0043.JPG" sensor_id="1" enabled="true">
        <transform>8.6928866431048291e-001 1.7980164606305210e-001 -4.6044390122393108e-001 1.0251367685045004e+001 2.2895970038842739e-001 -9.7200855818253118e-001 5.2695525597137215e-002 -3.7996981173675337e-001 -4.3808067031009013e-001 -1.5123072073138419e-001 -8.8612335225279337e-001 4.2950543882171019e+001 0.0000000000000000e+000 0.0000000000000000e+000 0.0000000000000000e+000 1.0000000000000000e+000</transform>
        <orientation>1</orientation>
      </camera>
      <camera id="41" label="Ox-0044.JPG" sensor_id="1" enabled="true">
        <transform>7.2878917206876892e-001 2.3306078314790929e-001 -6.4385480819343144e-001 1.5166150799908678e+001 3.1407712995867659e-001 -9.4932319702254808e-001 1.1875353965625973e-002 7.6508387935229472e-001 -6.0845862563714048e-001 -2.1087469965211936e-001 -7.6505552866075710e-001 3.9568652476051547e+001 0.0000000000000000e+000 0.0000000000000000e+000 0.0000000000000000e+000 1.0000000000000000e+000</transform>
        <orientation>1</orientation>
      </camera>
      <camera id="42" label="Ox-0045.JPG" sensor_id="1" enabled="true">
        <transform>5.5791606558458862e-001 2.7411394690408319e-001 -7.8332062903722777e-001 1.8273574591537031e+001 3.9025950275229637e-001 -9.1965944027032653e-001 -4.3863816901861502e-002 2.1148570008091845e+000 -7.3241189522982431e-001 -2.8122599103627521e-001 -6.2006834920960263e-001 3.6133562231497173e+001 0.0000000000000000e+000 0.0000000000000000e+000 0.0000000000000000e+000 1.0000000000000000e+000</transform>
        <orientation>1</orientation>
      </camera>
      <camera id="43" label="Ox-0046.JPG" sensor_id="1" enabled="true">
        <transform>3.8300776271543802e-001 2.9894796907996568e-001 -8.7403384687475261e-001 2.0228626529079069e+001 4.4108317315865320e-001 -8.9053714682020590e-001 -1.1130689327090411e-001 3.7109527409235135e+000 -8.1163457790806826e-001 -3.4289021846108531e-001 -4.7294355902972285e-001 3.2660161727718950e+001 0.0000000000000000e+000 0.0000000000000000e+000 0.0000000000000000e+000 1.0000000000000000e+000</transform>
        <orientation>1</orientation>
      </camera>
      <camera id="44" label="Ox-0047.JPG" sensor_id="1" enabled="true">
        <transform>2.1626178817526309e-001 3.0803459222247714e-001 -9.2646938911632115e-001 2.1543675825263321e+001 4.7881629184157953e-001 -8.6043616653688204e-001 -1.7431168056786708e-001 5.0336491030596981e+000 -8.5086179702835207e-001 -4.0591168166196823e-001 -3.3357144519283455e-001 2.9820294652172095e+001 0.0000000000000000e+000 0.0000000000000000e+000 0.0000000000000000e+000 1.0000000000000000e+000</transform>
        <orientation>1</orientation>
      </camera>
      <camera id="45" label="Ox-0048.JPG" sensor_id="1" enabled="true">
        <transform>1.5079023581603224e-001 3.0956678020190609e-001 -9.3884541505935393e-001 2.1810498564340460e+001 4.9274864982068256e-001 -8.4685397460312550e-001 -2.0009276298453016e-001 5.6264024866965734e+000 -8.5700704365975899e-001 -4.3244277574531620e-001 -2.8023592350597448e-001 2.8569597068748621e+001 0.0000000000000000e+000 0.0000000000000000e+000 0.0000000000000000e+000 1.0000000000000000e+000</transform>
        <orientation>1</orientation>
      </camera>
      <camera id="12" label="Ox-0058.JPG" sensor_id="0" enabled="true">
        <transform>-5.0730082396704090e-001 3.1678604921177583e-001 -8.0143151487020770e-001 1.8259724763870995e+001 3.2700815488468221e-001 -7.8966495399249392e-001 -5.1912900812317175e-001 1.1829163199961124e+001 -7.9731520783268472e-001 -5.2542921451022007e-001 2.9700606037233701e-001 1.5454351940485108e+001 0.0000000000000000e+000 0.0000000000000000e+000 0.0000000000000000e+000 1.0000000000000000e+000</transform>
        <orientation>1</orientation>
      </camera>
      <camera id="13" label="Ox-0059.JPG" sensor_id="0" enabled="true">
        <transform>-5.9489676618553911e-001 2.9430506225814534e-001 -7.4798553990783601e-001 1.7056378670061992e+001 3.0480638864388809e-001 -7.7846088576366312e-001 -5.4871824717055295e-001 1.2513063390592537e+001 -7.4376804383077577e-001 -5.5442148196591567e-001 3.7339780035621351e-001 1.3673939535158748e+001 0.0000000000000000e+000 0.0000000000000000e+000 0.0000000000000000e+000 1.0000000000000000e+000</transform>
        <orientation>1</orientation>
      </camera>
      <camera id="14" label="Ox-0060.JPG" sensor_id="0" enabled="true">
        <transform>-6.5725820233423837e-001 2.7043453809211965e-001 -7.0347481552026225e-001 1.5964492177665592e+001 2.7679243430175010e-001 -7.8156069148665819e-001 -5.5906067097964218e-001 1.3063001436426914e+001 -7.0099757758331560e-001 -5.6216371826168077e-001 4.3883294098383729e-001 1.2296455304518879e+001 0.0000000000000000e+000 0.0000000000000000e+000 0.0000000000000000e+000 1.0000000000000000e+000</transform>
        <orientation>1</orientation>
      </camera>
      <camera id="15" label="Ox-0061.JPG" sensor_id="0" enabled="true">
        <transform>-7.5544578893842473e-001 2.3578946564806363e-001 -6.1131414826143327e-001 1.3872186287935113e+001 2.3892100139132671e-001 -7.6962870483256984e-001 -5.9210506820319186e-001 1.3830958918742002e+001 -6.1009705381141344e-001 -5.9335906885050771e-001 5.2507770886173710e-001 1.0280736802127315e+001 0.0000000000000000e+000 0.0000000000000000e+000 0.0000000000000000e+000 1.0000000000000000e+000</transform>
        <orientation>1</orientation>
      </camera>
      <camera id="16" label="Ox-0062.JPG" sensor_id="0" enabled="true">
        <transform>-8.6721475879510568e-001 1.8057138688562624e-001 -4.6403936941400581e-001 1.0525218004352153e+001 1.7893821564329598e-001 -7.5666013231177387e-001 -6.2884541753305490e-001 1.4693409046229574e+001 -4.6467157983928820e-001 -6.2837840383651811e-001 6.2387571236707839e-001 7.9639143132179457e+000 0.0000000000000000e+000 0.0000000000000000e+000 0.0000000000000000e+000 1.0000000000000000e+000</transform>
        <orientation>1</orientation>
      </camera>
      <camera id="17" label="Ox-0063.JPG" sensor_id="0" enabled="true">
        <transform>-9.4628555404594528e-001 1.1999405069535896e-001 -3.0024169930520639e-001 6.7829342871679774e+000 1.1208234660738339e-001 -7.4927278908379735e-001 -6.5270807802383579e-001 1.5266905053397060e+001 -3.0328402164133328e-001 -6.5130001945056548e-001 6.9557680156885093e-001 6.2791817185985375e+000 0.0000000000000000e+000 0.0000000000000000e+000 0.0000000000000000e+000 1.0000000000000000e+000</transform>
        <orientation>1</orientation>
      </camera>
      <camera id="18" label="Ox-0064.JPG" sensor_id="0" enabled="true">
        <transform>-9.9040796608802828e-001 5.6170666704727507e-002 -1.2624150233311285e-001 2.7909762351712022e+000 4.2313283500754875e-002 -7.4645164413176701e-001 -6.6409301232008644e-001 1.5550226871007537e+001 -1.3153572423018647e-001 -6.6306470210299107e-001 7.3691488930290494e-001 5.2811160295555748e+000 0.0000000000000000e+000 0.0000000000000000e+000 0.0000000000000000e+000 1.0000000000000000e+000</transform>
        <orientation>1</orientation>
      </camera>
      <camera id="19" label="Ox-0065.JPG" sensor_id="0" enabled="true">
        <transform>-9.9980081667004927e-001 3.0099574327596725e-003 1.9729854083481279e-002 -5.5660635943210923e-001 -1.5355379672378183e-002 -7.4749523147474162e-001 -6.6408967108188000e-001 1.5564214453381602e+001 1.2749090203602880e-002 -6.6426035489014046e-001 7.4739256192459158e-001 4.9984745625186040e+000 0.0000000000000000e+000 0.0000000000000000e+000 0.0000000000000000e+000 1.0000000000000000e+000</transform>
        <orientation>1</orientation>
      </camera>
      <camera id="20" label="Ox-0066.JPG" sensor_id="0" enabled="true">
        <transform>-9.8042423466316553e-001 -5.8328627393797267e-002 1.8805874431012684e-001 -4.4244367353290759e+000 -8.0758337651234718e-002 -7.5195249754416482e-001 -6.5425188753025543e-001 1.5350523653568857e+001 1.7957285703846018e-001 -6.5663171768004669e-001 7.3252192892199275e-001 5.3007952468678416e+000 0.0000000000000000e+000 0.0000000000000000e+000 0.0000000000000000e+000 1.0000000000000000e+000</transform>
        <orientation>1</orientation>
      </camera>
      <camera id="21" label="Ox-0067.JPG" sensor_id="0" enabled="true">
        <transform>-9.4243905434658926e-001 -1.0501485733423223e-001 3.1745945974466960e-001 -7.4010176853891805e+000 -1.3097866571087666e-001 -7.5759674557967482e-001 -6.3944644827826180e-001 1.5024454989308074e+001 3.0765763109486666e-001 -6.4421972247530279e-001 7.0023405458670640e-001 5.9979315647129798e+000 0.0000000000000000e+000 0.0000000000000000e+000 0.0000000000000000e+000 1.0000000000000000e+000</transform>
        <orientation>1</orientation>
      </camera>
      <camera id="22" label="Ox-0068.JPG" sensor_id="0" enabled="true">
        <transform>-8.7162456677490574e-001 -1.5798709818879661e-001 4.6401583098030330e-001 -1.0802163253790701e+001 -1.8721415167862818e-001 -7.6757265951448017e-001 -6.1301147931920441e-001 1.4442344468931079e+001 4.5301377021643552e-001 -6.2118619525207686e-001 6.3945776625398709e-001 7.3400861292142734e+000 0.0000000000000000e+000 0.0000000000000000e+000 0.0000000000000000e+000 1.0000000000000000e+000</transform>
        <orientation>1</orientation>
      </camera>
      <camera id="23" label="Ox-0069.JPG" sensor_id="0" enabled="true">
        <transform>-7.6884702896627410e-001 -2.0745785210786469e-001 6.0484335629030817e-001 -1.4071074818002222e+001 -2.4148620420324626e-001 -7.8165295036750904e-001 -5.7506789021929983e-001 1.3585258900870715e+001 5.9207994327560298e-001 -5.8820056509711027e-001 5.5087333933509530e-001 9.3450796311051789e+000 0.0000000000000000e+000 0.0000000000000000e+000 0.0000000000000000e+000 1.0000000000000000e+000</transform>
        <orientation>1</orientation>
      </camera>
      <camera id="24" label="Ox-0070.JPG" sensor_id="0" enabled="true">
        <transform>-6.2751617135222593e-001 -2.5351655422978409e-001 7.3617444360891859e-001 -1.7130432513718027e+001 -2.9045465593670600e-001 -8.0103152366212038e-001 -5.2343537418121810e-001 1.2412674801057628e+001 7.2239846866956592e-001 -5.4228945668434214e-001 4.2902517132782259e-001 1.2118116197459825e+001 0.0000000000000000e+000 0.0000000000000000e+000 0.0000000000000000e+000 1.0000000000000000e+000</transform>
        <orientation>1</orientation>
      </camera>
      <camera id="25" label="Ox-0071.JPG" sensor_id="0" enabled="true">
        <transform>-4.7341043762654333e-001 -2.8408368585507693e-001 8.3377396036170304e-001 -1.9583069576395662e+001 -3.1773904438019906e-001 -8.2776023684002298e-001 -4.6244447232387470e-001 1.1024929320290971e+001 8.2153786110111982e-001 -4.8384858141524295e-001 3.0160585710468979e-001 1.5592762392833475e+001 0.0000000000000000e+000 0.0000000000000000e+000 0.0000000000000000e+000 1.0000000000000000e+000</transform>
        <orientation>1</orientation>
      </camera>
      <camera id="26" label="Ox-0072.JPG" sensor_id="0" enabled="true">
        <transform>-3.0861162930850694e-001 -3.0410430990225290e-001 9.0126546086845183e-001 -2.1095630751637387e+001 -3.3984323331157318e-001 -8.4972411469988340e-001 -4.0308250479254865e-001 9.6671916411695644e+000 8.8840612279963715e-001 -4.3068491684336235e-001 1.5888695155909294e-001 1.8880983039607120e+001 0.0000000000000000e+000 0.0000000000000000e+000 0.0000000000000000e+000 1.0000000000000000e+000</transform>
        <orientation>1</orientation>
      </camera>
      <camera id="27" label="Ox-0073.JPG" sensor_id="0" enabled="true">
        <transform>-1.8385227727936271e-001 -3.1163928674797342e-001 9.3224422502604276e-001 -2.1749527493116062e+001 -3.4591577605972318e-001 -8.6723030212515018e-001 -3.5812550725816833e-001 8.6263349456981349e+000 9.2007641857195321e-001 -3.8832017463831997e-001 5.1641320245255029e-002 2.1338397918747997e+001 0.0000000000000000e+000 0.0000000000000000e+000 0.0000000000000000e+000 1.0000000000000000e+000</transform>
        <orientation>1</orientation>
      </camera>
      <camera id="46" label="Ox-0079.JPG" sensor_id="1" enabled="true">
        <transform>4.5693233305937186e-001 -2.6108453739209875e-001 8.5032211975208150e-001 -1.9825822233002235e+001 -2.9133327655294966e-001 -9.4715268162830835e-001 -1.3426362000641440e-001 3.6244956700594742e+000 8.4043903108901474e-001 -1.8637774013829567e-001 -5.0884729831561448e-001 3.4382787550735351e+001 0.0000000000000000e+000 0.0000000000000000e+000 0.0000000000000000e+000 1.0000000000000000e+000</transform>
        <orientation>1</orientation>
      </camera>
      <camera id="47" label="Ox-0080.JPG" sensor_id="1" enabled="true">
        <transform>5.7863157732576509e-001 -2.3399479464311945e-001 7.8130143593968993e-001 -1.8188640403124097e+001 -2.6084659914794028e-001 -9.6073874147378069e-001 -9.4552220197781034e-002 2.7190548229748828e+000 7.7275128562458617e-001 -1.4908892216157532e-001 -6.1695051977792259e-001 3.6858437602723072e+001 0.0000000000000000e+000 0.0000000000000000e+000 0.0000000000000000e+000 1.0000000000000000e+000</transform>
        <orientation>1</orientation>
      </camera>
      <camera id="48" label="Ox-0081.JPG" sensor_id="1" enabled="true">
        <transform>6.8507826065053479e-001 -2.0285903512390357e-001 6.9965419219256941e-001 -1.6260311048516765e+001 -2.2790238025078891e-001 -9.7191630283689878e-001 -5.8644738518288678e-002 1.9033975396339784e+000 6.9190193081105278e-001 -1.1927662029271492e-001 -7.1207078720551698e-001 3.9019848123411052e+001 0.0000000000000000e+000 0.0000000000000000e+000 0.0000000000000000e+000 1.0000000000000000e+000</transform>
        <orientation>1</orientation>
      </camera>
      <camera id="49" label="Ox-0082.JPG" sensor_id="1" enabled="true">
        <transform>7.7130137359511419e-001 -1.7057331763133543e-001 6.1318751977068919e-001 -1.4231287445960049e+001 -1.9325301782389626e-001 -9.8069868834165097e-001 -2.9721268258978230e-002 1.2534042948220829e+000 6.0642185167772988e-001 -9.5576283654496969e-002 -7.8937805379333192e-001 4.0780298703107754e+001 0.0000000000000000e+000 0.0000000000000000e+000 0.0000000000000000e+000 1.0000000000000000e+000</transform>
        <orientation>1</orientation>
      </camera>
      <camera id="50" label="Ox-0083.JPG" sensor_id="1" enabled="true">
        <transform>8.6112872575143085e-001 -1.2620049294985705e-001 4.9247411430950389e-001 -1.1413823955318781e+001 -1.4473502713889616e-001 -9.8947033405421869e-001 -4.7952657474564092e-004 5.9535851124569916e-001 4.8734904288899578e-001 -7.0865320191515230e-002 -8.7032695970499141e-001 4.2614451727559242e+001 0.0000000000000000e+000 0.0000000000000000e+000 0.0000000000000000e+000 1.0000000000000000e+000</transform>
        <orientation>1</orientation>
      </camera>
      <camera id="51" label="Ox-0084.JPG" sensor_id="1" enabled="true">
        <transform>9.2120174188003356e-001 -8.5067175368940540e-002 3.7967213017542056e-001 -8.7880655574947966e+000 -9.9630977353517974e-002 -9.9484615701178880e-001 1.8835929243287742e-002 1.6614971159119207e-001 3.7611304033332105e-001 -5.5178796232114996e-002 -9.2492933856462800e-001 4.3834750560883926e+001 0.0000000000000000e+000 0.0000000000000000e+000 0.0000000000000000e+000 1.0000000000000000e+000</transform>
        <orientation>1</orientation>
      </camera>
      <camera id="52" label="Ox-0085.JPG" sensor_id="1" enabled="true">
        <transform>9.7592789273072378e-001 -2.6814904634010563e-002 2.1643869589248191e-001 -4.9973872194454962e+000 -3.4989124677179365e-002 -9.9880838561188412e-001 3.4023080191342467e-002 -1.6293379123399099e-001 2.1526845877762527e-001 -4.0777073470893432e-002 -9.7570319305342812e-001 4.4956171249970637e+001 0.0000000000000000e+000 0.0000000000000000e+000 0.0000000000000000e+000 1.0000000000000000e+000</transform>
        <orientation>1</orientation>
      </camera>
      <camera id="53" label="Ox-0086.JPG" sensor_id="1" enabled="true">
        <transform>9.9835027663304676e-001 3.3310970010139371e-002 4.6766488254980379e-002 -1.0743998787184310e+000 3.1596915665106626e-002 -9.9881841664748239e-001 3.6924321067127577e-002 -2.0605862357189153e-001 4.7941214702714424e-002 -3.5385729366508425e-002 -9.9822316647632880e-001 4.5408229771644017e+001 0.0000000000000000e+000 0.0000000000000000e+000 0.0000000000000000e+000 1.0000000000000000e+000</transform>
        <orientation>1</orientation>
      </camera>
      <camera id="54" label="Ox-0087.JPG" sensor_id="1" enabled="true">
        <transform>9.9158528998074491e-001 8.4026452706831234e-002 -9.8479276699766555e-002 2.2812611173081931e+000 8.7168544795209080e-002 -9.9579880638505802e-001 2.8042503461343914e-002 1.9511636533430021e-002 -9.5709234100415624e-002 -3.6390829168906132e-002 -9.9474391179856503e-001 4.5265039512474601e+001 0.0000000000000000e+000 0.0000000000000000e+000 0.0000000000000000e+000 1.0000000000000000e+000</transform>
        <orientation>1</orientation>
      </camera>
    </cameras>
    <transform>
      <scale>5.8964004007316620e-002</scale>
    </transform>
    <region>
      <center>3.8047218841917996e-001 3.1296039543647325e-001 2.2191503844335973e+001</center>
      <size>1.7816234588623047e+001 3.5428686141967773e+000 1.7678922414779663e+000</size>
      <R>-9.8499119181470129e-001 -7.4380755016347735e-002 1.5575575536927194e-001 -1.7383852666196319e-002 9.4054614741267883e-001 3.3922079277905032e-001 -1.7172697433407019e-001 3.3142185786451306e-001 -9.2772269478314484e-001</R>
    </region>
    <settings>
      <property name="accuracy_tiepoints" value="4.0000000000000000e+000"/>
      <property name="accuracy_cameras" value="1.0000000000000000e+001"/>
      <property name="accuracy_markers" value="5.0000000000000001e-003"/>
      <property name="accuracy_scalebars" value="1.0000000000000000e-003"/>
      <property name="accuracy_projections" value="1.0000000000000001e-001"/>
    </settings>
  </chunk>
</document>
